A = [1, 3, 5, 6, 7, 8]

Разбиение:

[]   [1, 3, 5, 6, 7, 8]
[1]   [3, 5, 6, 7, 8]
[3]   [1, 5, 6, 7, 8]
[5]   [1, 3, 6, 7, 8]
[6]   [1, 3, 5, 7, 8]
[7]   [1, 3, 5, 6, 8]
[8]   [1, 3, 5, 6, 7]
[1, 3]   [5, 6, 7, 8]
[1, 5]   [3, 6, 7, 8]
[1, 6]   [3, 5, 7, 8]
[1, 7]   [3, 5, 6, 8]
[1, 8]   [3, 5, 6, 7]
[3, 5]   [1, 6, 7, 8]
[3, 6]   [1, 5, 7, 8]
[3, 7]   [1, 5, 6, 8]
[3, 8]   [1, 5, 6, 7]
[5, 6]   [1, 3, 7, 8]
[5, 7]   [1, 3, 6, 8]
[5, 8]   [1, 3, 6, 7]
[6, 7]   [1, 3, 5, 8]
[6, 8]   [1, 3, 5, 7]
[7, 8]   [1, 3, 5, 6]
[1, 3, 5]   [6, 7, 8]
[1, 3, 6]   [5, 7, 8]
[1, 3, 7]   [5, 6, 8]
[1, 3, 8]   [5, 6, 7]
[1, 5, 6]   [3, 7, 8]
[1, 5, 7]   [3, 6, 8]
[1, 5, 8]   [3, 6, 7]
[1, 6, 7]   [3, 5, 8]
[1, 6, 8]   [3, 5, 7]
[1, 7, 8]   [3, 5, 6]

Примеры покрытий:

[1]   [3, 5, 6, 7, 8]
[1]   [1, 3, 5, 6, 7, 8]
[1, 3]   [1, 3, 5, 6, 7, 8]
[1, 3]   [5, 6, 7, 8]
[1, 3]   [1, 5, 6, 7, 8]
[1, 3]   [3, 5, 6, 7, 8]